30
0.537667139546100	0.888395631757642	-1.08906429505224	-1.14795277889859	2.90800803072936	0.520060101455458	-1.36169447087075	-0.532011376808821	-1.06670139898475	0.327059967177088	0.0799337102984397	-0.629090760994156	-0.467714582451856	-0.558294284850904	-0.493009815316451	-0.0627912257183250	0.176946822329411	-1.14068114466963	0.899822328897224	1.02885306900203	0.475860587278343	0.0645167423111044	2.02433259954387	0.0780200809780775	0.414700293047627	1.46001318514265	1.05330457914955	0.853540834064481	1.38449851135426	-0.409785214740165
1.83388501459509	-1.14707010696915	0.0325574641649735	0.104874716016494	0.825218894228491	-0.0200278516425381	0.455029556444334	1.68210359466318	0.933728162671239	1.08263350423676	-0.948480983570505	-1.20384997400222	-0.124889947223107	-0.311429418546895	-0.180739356415037	-2.02195893005179	-0.307503469862751	-1.09334345623960	-0.300111005615676	1.45796778066199	1.41223268644450	0.600291949185784	-2.35952351095849	1.32438544916022	0.348441199952281	2.05004273293787	-0.748876752543159	-1.85300807141960	-0.0627267940412559	-0.503538984131873
-2.25884686100365	-1.06887045816803	0.552527021112224	0.722254032225002	1.37897197791661	-0.0347710860284830	-0.848709379933659	-0.875729346160017	0.350321001356112	1.00607711081905	0.411490621423374	-0.253944683422812	1.47895849150403	-0.570009916642186	0.0458411057137050	-0.982131525779048	-0.131820352915894	-0.433609296474824	1.02936571210310	0.0474713232748285	0.0226084843095981	-1.36151495486457	-0.509972045799939	-0.213170486421586	0.349254416663714	0.120500599699389	-0.936326497116021	-0.207303159647625	0.448921120019170	1.23329711264414
0.862173320368121	-0.809498694424876	1.10061021788087	2.58549125261624	-1.05818025798736	-0.798163584564142	-0.334886938964048	-0.483815050110121	-0.0290057637087263	-0.650907736597753	0.676977805684030	-1.42864686463210	-0.860815690006961	-1.02573361562871	-0.0637831200223327	0.612511298166949	0.595357673884102	-0.168469878275448	-0.345065971567321	1.74625671011842	-0.0478694102202059	0.347592631960065	-1.32162559081010	-0.134478644555426	-0.729247267629503	-0.989901604221187	-1.26908677286849	0.270378202689916	-0.363258472467672	0.610305217573950
0.318765239858981	-2.94428416199490	1.54421189550395	-0.666890670701386	-0.468615581100624	1.01868528212858	0.552783345944550	-0.712004549027423	0.182452167505983	0.257056157433969	0.857732545205355	-0.0208576177016003	0.784668467287822	-0.908745586874325	0.611335194065236	-0.0548861299886774	1.04683278430523	-0.218533560026581	1.01280186426298	0.155387514201181	1.70133465427496	-0.181843218459334	-0.636128249660041	-1.17135581792030	0.326840248762991	1.19777147431488	0.497980623046732	-0.652771012058928	-1.02058339313102	0.0590721550526544
-1.30768829630527	1.43838029281510	0.0859311331754255	0.187331024578940	-0.272469409250188	-0.133217479507735	1.03909065350496	-1.17421233145682	-1.56505601415073	-0.944377806404219	-0.691159125382991	-0.560664996528185	0.308623139948530	-0.209897334055591	0.109317693774870	-1.11873200245273	-0.197958632611842	0.541334435719376	0.629334584931419	-1.23711968466263	-0.509711712767427	-0.939534765941492	0.317851419059697	-1.38526268319524	-0.514881632926476	-0.592656218169254	2.78908112764392	0.477227285007673	-3.07298853928707	-1.46694673042825
-0.433592022305684	0.325190539456198	-1.49159031063761	-0.0824944253709554	1.09842461788862	-0.714530163787158	-1.11763868326521	-0.192239517539275	-0.0845394798177242	-1.32178852139256	0.449377623166851	2.17777870918415	-0.233860042129153	-1.69886408417261	1.81401545028038	-0.626378538867139	0.327678163907201	0.389266203843264	-0.213015082641055	-2.19349427883461	-0.00285496014432121	-0.0375331888191716	0.138047974449526	0.310508318600499	-0.896446150502486	-0.469809363224455	0.727572036915723	-0.0713196500274540	0.626278997699139	-1.62580326639623
0.342624466538650	-0.754928319169703	-0.742301837259857	-1.93302291785099	-0.277871932787639	1.35138576842666	1.26065870912090	-0.274070229932602	1.60394635060288	0.924825933493706	0.100633350315076	1.13846538732960	-1.05697274596013	0.607600575846084	0.312023828329274	0.249517740562795	-0.238301504589733	0.751228984688333	-0.865697308360524	-0.333407067263734	0.919867079806396	-1.89630449362245	-0.710735074811226	-0.249489064473939	-1.20326818641502	0.886377377072694	-0.773064102152237	-0.938301288268817	-0.286684533211225	-1.96475241539089
3.57839693972576	1.37029854009523	-1.06158173331999	-0.438966153934773	0.701541458163284	-0.224771056052584	0.660143141046978	1.53007251442410	0.0983477746401080	4.98490752508133e-05	0.826069998469923	-2.49688650318450	-0.284140954626164	-0.117798289267962	1.80449377172419	-0.993019006549601	0.229596893220314	1.77825589929100	-1.04310830133763	0.713543302564059	0.149808732632761	-2.12797676818267	0.777003526719788	0.503744055737328	1.03781563948524	-1.38521980111084	0.836633754476153	0.161363534650636	-0.197342906850919	2.60519575087392
2.76943702988488	-1.71151641885370	2.35045722400204	-1.79467884145512	-2.05181629991115	-0.589029030720801	-0.0678655535426873	-0.249024742513714	0.0413736134896147	-0.0549189146094067	0.536157079925919	0.441326931727609	-0.0866902824593051	0.699160333644167	-0.723121479570418	0.974950224811312	0.439997904822629	1.22306255173381	-0.270068812648099	0.317407733234497	1.40493344567698	-1.17692333071496	0.622393924172013	-0.892661403477038	-0.845944212336118	-1.95675395423192	-1.12833031008360	-0.268182881913388	0.405605372640549	0.972374811203577
-1.34988694015652	-0.102242446085491	-0.615601881466894	0.840375529753905	-0.353849997774433	-0.293753597735416	-0.195221197898754	-1.06421341288933	-0.734169112696739	0.911127265653860	0.897888425985076	-1.39813787581107	-1.46939507448636	0.269648641716598	0.526547037749559	-0.640709506726058	-0.616865928889227	-1.28325610460477	-0.438141355602144	0.413610390293130	1.03412153956971	-0.990532220484176	0.647380884516047	1.90851233035822	-0.172913844259168	0.420683700201250	-1.42447009141638	-0.409872647756742	-1.41934846053479	0.256980969704260
3.03492346633185	-0.241447041607358	0.748076783703985	-0.888032082329010	-0.823586525156853	-0.847926243637934	-0.217606350143192	1.60345729812004	-0.0308137300123200	0.594583697409052	-0.131937867924581	-0.255055179880806	0.192182244870785	0.494287055379411	-0.260250861706117	1.80886262051925	0.274836786911666	-2.32895451628334	-0.408674314796326	-0.577085583637940	0.291570288770806	-1.17303232726741	-0.425631681660351	0.122230700504887	-1.20865205474020	0.400737998146962	0.717442315507358	-0.711322710526139	-0.729445237982782	-0.974240459346947
0.725404224946106	0.319206739165502	-0.192418510588264	0.100092833139322	-1.57705702279920	-1.12012830124373	-0.303107621351741	1.23467914689078	0.232347012624477	0.350201173874535	-0.147201456151267	0.164404073318729	-0.822293276290175	-1.48312102251590	0.600142508808630	-1.07986625073883	0.601102032468295	0.901931466951714	0.983545235205556	0.144001801404465	-0.777698538311603	-1.72542778952869	1.04858076053644	1.04703326689793	-0.297126799995404	0.0951421578641687	-0.777905520185398	0.0614454835840975	1.14732784158513	-1.14636438588742
-0.0630548731896562	0.312858596637428	0.888610425420721	-0.544528929990548	0.507974650905946	2.52599969211831	0.0230456244251053	-0.229626450963181	0.426387557408945	1.25025122830500	1.00777340530544	0.747734028808123	-0.0942405879597235	-1.02026438568297	0.593930795648753	0.199189444075264	0.0923079512389623	-1.83563868373519	-0.297697144009373	-1.63866572993389	0.566696097539305	0.288228089665011	0.660707086367175	-0.226920199323937	-3.23203779594001	0.496684391636530	0.315985880708604	-1.84612923609859	0.597864632881486	0.547639504480465
0.714742903826096	-0.864879917324457	-0.764849236567874	0.303520794649354	0.281984063670556	1.65549759288735	0.0512903558487747	-1.50615970397972	-0.372808741723504	0.929789458557716	-2.12365546241575	-0.273046949402907	0.336213340954240	-0.446995010744528	-2.18602161274824	-1.52102656176895	1.72984139157236	0.0667569114368658	1.14367891077096	-0.760089998635267	-1.38262115948035	-1.59418372026681	2.50877247318511	-0.162501941548495	-1.08695922946133	1.08224059616070	1.40653513807679	-0.398333119478132	-1.28128125909253	1.56508398508243
-0.204966058299775	-0.0300512961962686	-1.40226896933876	-0.600326562133734	0.0334798822444514	0.307535159238252	0.826062790211596	-0.444627816446985	-0.236454583757186	0.239763257058580	-0.504586405514010	1.57630014654608	-0.904654059246837	0.109658591327603	-1.32704314952029	-0.723631125289073	-0.608557444738319	0.0354794858375770	-0.531620117507069	-0.818793096250257	0.244474675589888	0.110218849223381	1.06345963904102	0.690051897857806	-1.42643615947972	0.970447788354572	0.401124635731864	-0.543548121612387	-2.20326424216990	-1.69334366132081
-0.124144348216312	-0.164879019209038	-1.42237592509150	0.489965321173948	-1.33367794342811	-1.25711835935205	1.52697668673337	-0.155941035724769	2.02369088660305	-0.690361103111226	-1.27059444980866	-0.480937151778845	-0.288256361205696	1.12873645202828	-1.44101359763891	-0.593250315010804	-0.737059771697806	2.22716807816787	0.972565728008653	0.519728888133619	0.808438803167691	0.787066676357980	1.15692165332739	0.555756771412105	-1.01445076770532	-0.568569570389605	0.929660284419656	-0.911898504288660	-0.571246319791095	-0.449397359860250
1.48969760778547	0.627707287528727	0.488193909859941	0.739363123604474	1.12749227834159	-0.865468030554804	0.466914435684700	0.276068253931536	-2.25835397049619	-0.651553641750281	-0.382584802707648	0.327512120829686	0.350062757534178	-0.289963040800028	0.401844497039815	0.401336339818801	-1.74987930638763	-0.0692142540220484	-0.522250484993549	-0.0141600590972047	0.213041698417000	-0.00222678631383613	0.0529788273256128	-1.12025500148841	-0.213267188307358	0.809972073318538	-1.60580220462075	0.652698590995241	0.213996478716457	-0.0842920727534208
1.40903448980048	1.09326566903948	-0.177375156618825	1.71188778298155	0.350179410603312	-0.176534114231451	-0.209713338388737	-0.261163645776479	2.22944568045690	1.19210187053127	0.648679262048621	0.664734120627595	-1.83585914250431	1.26155071814115	1.47020128084852	0.942133319236942	0.910482579647112	-0.507323064614498	0.176577794642316	-1.15552936828724	0.879677164233489	0.0931087600588035	-1.28838600294029	-1.53269301392951	-0.325347780360491	0.173247371832088	0.661536244123409	-0.734271258590912	0.942376933302384	-1.99199717760327
1.41719241342961	1.10927329761440	-0.196053487807333	-0.194123535758265	-0.299066030332982	0.791416061628634	0.625190357087626	0.443421912904091	0.337563700613106	-1.61183038867781	0.825727149241758	0.0851885927211602	1.03597590824548	0.475424811707271	-0.326814228785906	0.300485967595730	0.867082552947325	0.235809672576244	0.970737823554689	-0.00952491609816556	2.03887625141404	-0.378157056589758	-0.371221247497632	-1.09786776954067	1.94439779196628	-0.505542568515379	2.13850225382851	0.540633089814446	0.0937254906669184	0.841245666352581
0.671497133608081	-0.863652821988714	1.41931015064255	-2.13835526943994	0.0228897927516298	-1.33200442131525	0.183227263001437	0.391894209432449	1.00006081958912	-0.0244619366359185	-1.01494364268014	0.880952785381048	2.42446114493936	1.17411675149372	0.812323004640796	-0.373070658631004	-0.0798928390580371	0.245804851893843	-0.413972274974230	-0.689810537631710	0.923932448688937	-1.48267611105900	-0.757791916498819	-1.41577332156794	-0.571773218349456	-1.19330579089020	0.541139413417132	0.975840884581828	-1.12231172152804	-0.414658917455486
-1.20748692268504	0.0773590911304249	0.291584373984183	-0.839588747336614	-0.261995434966092	-2.32986715580508	-1.02976754356662	-1.25067890682641	-1.66416447498706	-1.94884717689890	-0.471069912683167	0.323213137847598	0.959400509407976	0.126947068043646	0.545540103526116	0.815488508092498	0.898475989377142	0.0700452094168079	-0.438270518204902	-0.666699153601164	0.266917446595828	-0.0438185853582948	-0.563968917027427	0.0595705885660458	-0.250032278035044	0.646970938881150	-1.54087718185788	-0.156870414727051	0.306157818568223	1.91218083836386
0.717238651328839	-1.21411704361541	0.197811053464361	1.35459432800464	-1.75021236844679	-1.44909729283874	0.949221831131023	-0.947960922331432	-0.590034564205222	1.02049801445265	0.137024874130050	-0.784146183664088	-0.315771995009409	-0.656815928948083	-1.05163230952085	0.798886992156716	0.183703423091249	-0.608580510079949	2.00339061086226	0.864149421165126	0.641661506421779	0.960825211682115	0.555138560001846	-0.411250925532220	-1.56931547034070	-0.353622599299341	-0.203142794821834	0.277799321723375	-1.17233486755329	-0.390898732233772
1.63023528916473	-1.11350074148676	1.58769908997406	-1.07215528838425	-0.285650971595330	0.333510833065806	0.307061919146703	-0.741106093940412	-0.278064163765309	0.861716302393419	-0.291863375753573	-1.80537335138609	0.428622679859396	-1.48139907157878	0.397466995795309	0.120205281956355	0.290790134884454	-1.22259338018663	0.950993499549085	0.113419436226868	0.425485355625296	1.73824493261334	-0.556778063950366	-0.368010733040955	-0.477382663694067	0.0464345266878230	-0.499965221779343	0.639517303110873	-0.960966563537669	0.409182082547355
0.488893770311789	-0.00684932810334806	-0.804465956349547	0.960953869740567	-0.831366511567624	0.391353604432901	0.135174942099456	-0.507817550278174	0.422715691220478	0.00116208348351385	0.301818555261006	1.85859294855571	-1.03598477851339	0.155488995903894	-0.751894738681892	0.571247629714476	0.112944717021051	0.316500360797716	-0.432003843727780	0.398362846165994	-1.31472350348688	-0.430206242426100	-0.895113135482436	-1.36096312939369	-1.33797665356226	-0.792947502201808	0.383023912780829	-0.0809780150606096	-0.653735016358028	-1.14242816812144
1.03469300991786	1.53263030828475	0.696624415849607	0.124049800003193	-0.979206305167302	0.451679418928238	0.515246335524849	-0.320575506600239	-1.67020069785047	-0.0708372131604802	0.399930942955802	-0.604530088774459	1.87786546049586	0.818551368521001	1.51626689664595	0.412796010311392	0.439952188872440	-1.34286923662193	0.648940737363587	0.883969890234671	-0.416411219699434	-1.62732273646978	-0.409327721634070	0.779567428734972	0.0302990237881831	-1.55051447477956	0.412035378111750	0.540870143763936	-1.22939364899916	-0.624863775636729
0.726885133383238	-0.769665913753682	0.835088165072682	1.43669662271894	-1.15640165566400	-0.130284653145721	0.261406324055383	0.0124690413616180	0.471634326416303	-2.48628392070328	-0.929961558940129	0.103359722310648	0.940704403352132	-0.292588130834394	-0.0325665091944807	-0.986961883351522	0.101662443700341	-1.03218434407217	-0.360076301153972	0.180257693987047	1.22468782478534	0.166347492460066	-0.160886766738443	0.439411111553712	0.853086767518578	0.171586355268628	0.405492550516440	-1.26256484462796	-0.270965129963311	-1.16872284991455
-0.303440924786016	0.371378812760058	-0.243715140377952	-1.96089999936503	-0.533557109315987	0.183689095861942	-0.941485770955434	-3.02917734140415	-1.21284719967446	0.581172322675923	-0.176830265929232	0.563166955145978	0.787345779935246	-0.540786416488526	1.63599965727829	0.759568325914783	2.78733522781344	1.33121588506497	0.705885019349416	0.550854522057470	-0.0435842055463326	0.376265910450719	0.409334430455455	-0.0896224837412097	0.404253465109360	-0.0621391248043618	-0.363780750881015	1.11042384067016	-0.899950067342813	0.392575281297536
0.293871467096658	-0.225584402271252	0.215670086403744	-0.197698225974150	-2.00263573588306	-0.476153016619074	-0.162337672803828	-0.457014640871583	0.0661900484246114	-2.19243491996591	-2.13209459916153	0.113596996734002	-0.875874261956672	-0.308641815280113	-0.425058490610031	-0.657201299098350	-1.16666503019464	-0.418903195029849	1.41584906843659	0.682964276111937	0.582423277447969	-0.226950464706233	-0.952635997119978	1.02118011801418	-0.700620213418206	1.19902787729197	-0.599272040041946	-0.989562679068364	-0.285686137601834	1.30183950434961
-0.787282803758638	1.11735613881447	-1.16584393148205	-1.20784548525980	0.964229422631628	0.862021611556922	-0.146054634331526	1.24244840639074	0.652355888661374	-2.31928030664330	1.14536171051847	-0.904726212798032	0.319949134382331	-1.09659330152547	0.589433366718221	-0.603918481376169	-1.85429908268969	-0.140321722056366	-1.60451566859706	1.17060866003560	-1.00650007461934	-1.14891228961879	0.317317472324612	-0.873979465028903	-1.63054289274725	0.801704070327277	-0.589588991418034	-1.82883593420384	-0.462421544353747	-0.593641761840396